cnt,pos,speed,DTorque,DAC,STorque,Force,Dir
1,286.806,0,-3,0,0,0,0
2,286.806,-0.0061,-3,0,0,0,0
3,286.806,0,-3,0,0,0,0
4,286.806,0.003,-3,0,0,0,0
5,286.806,0,-3,0,0,0,0
6,286.806,-0.0061,-3,0,0,0,0
7,286.806,-0.003,-3,0,0,0,0
8,286.806,0,-3,0,0,0,0
9,286.806,0.003,-3,0,0,0,0
10,286.806,0.003,-3,0,0,0,0
11,286.806,0,-3,0,0,0,0
12,286.806,-0.003,-3,0,0,0,0
13,286.806,-0.003,-3,0,0,0,0
14,286.806,0.003,-3,0,0,0,0
15,286.806,0,-3,0,0,0,0
16,286.806,-0.003,-3,0,0,0,0
17,286.807,0,-3,0,0,0,0
18,286.807,0.0061,-3,0,0,0,0
19,286.807,-0.0061,-3,0,0,0,0
20,286.807,-0.0061,-3,0,0,0,0
21,286.807,0.003,-3,0,0,0,0
22,286.807,0.0061,-3,0,0,0,0
23,286.807,-0.0061,-3,0,0,0,0
24,286.807,-0.003,-3,0,0,0,0
25,286.807,-0.0061,-3,0,0,0,0
26,286.807,-0.003,-3,0,0,0,0
27,286.807,0.0061,-3,0,0,0,0
28,286.807,0.003,-3,0,0,0,0
29,286.807,-0.0061,-4,0,0,0,0
30,286.807,-0.0061,-4,0,0,0,0
31,286.807,-0.0091,-4,0,0,0,0
32,286.807,0.0061,-4,0,0,0,0
33,286.807,-0.0061,-4,0,0,0,0
34,286.807,0.0061,-3,0,0,0,0
35,286.807,-0.003,-4,0,0,0,0
36,286.807,-0.0061,-3,0,0,0,0
37,286.807,-0.003,-3,0,0,0,0
38,286.807,-0.003,-4,0,0,0,0
39,286.807,0.003,-4,0,0,0,0
40,286.807,-0.0061,-4,0,0,0,0
41,286.807,-0.0091,-4,0,0,0,0
42,286.807,-0.003,-4,0,0,0,0
43,286.807,-0.0061,-4,0,0,0,0
44,286.807,-0.0091,-4,0,0,0,0
45,286.808,-0.003,-4,0,0,0,0
46,286.808,-0.0091,-4,0,0,0,0
47,286.808,0,-4,0,0,0,0
48,286.808,0.003,-4,0,0,0,0
49,286.808,0.003,-4,0,0,0,0
50,286.808,-0.003,-4,0,0,0,0
51,286.808,0,-4,0,0,0,0
52,286.808,-0.0091,-4,0,0,0,0
53,286.808,-0.0061,-4,0,0,0,0
54,286.808,0,-4,0,0,0,0
55,286.808,-0.003,-4,0,0,0,0
56,286.808,0,-4,0,0,0,0
57,286.808,-0.003,-4,0,0,0,0
58,286.808,0,-4,0,0,0,0
59,286.808,0.003,-4,0,0,0,0
60,286.808,0,-4,0,0,0,0
61,286.808,0.0122,-4,0,0,0,0
62,286.808,-0.003,-4,0,0,0,0
63,286.808,-0.0061,-4,0,0,0,0
64,286.808,0.003,-4,0,0,0,0
65,286.808,-0.0061,-4,0,0,0,0
66,286.808,0,-4,0,0,0,0
67,286.808,-0.0091,-4,0,0,0,0
68,286.808,0.003,-4,0,0,0,0
69,286.808,-0.003,-4,0,0,0,0
70,286.808,-0.003,-4,0,0,0,0
71,286.808,0,-4,0,0,0,0
72,286.808,0.0061,-4,0,0,0,0
73,286.808,-0.0061,-4,0,0,0,0
74,286.808,0.0061,-4,0,0,0,0
75,286.808,0,-4,0,0,0,0
76,286.808,0.0061,-4,0,0,0,0
77,286.808,0.003,-4,0,0,0,0
78,286.808,0.0091,-4,0,0,0,0
79,286.808,0.0061,-4,0,0,0,0
80,286.808,-0.003,-4,0,0,0,0
81,286.808,-0.003,-4,0,0,0,0
82,286.808,0.003,-4,0,0,0,0
83,286.808,-0.0122,-4,0,0,0,0
84,286.808,0.0061,-4,0,0,0,0
85,286.808,0.0061,-4,0,0,0,0
86,286.808,0.003,-4,0,0,0,0
87,286.808,-0.003,-4,0,0,0,0
88,286.808,-0.0061,-4,0,0,0,0
89,286.808,0.003,-4,0,0,0,0
90,286.808,-0.003,-4,0,0,0,0
91,286.808,0,-4,0,0,0,0
92,286.808,-0.003,-4,0,0,0,0
93,286.808,-0.003,-4,0,0,0,0
94,286.808,-0.003,-5,0,0,0,0
95,286.808,-0.0061,-4,0,0,0,0
96,286.808,0.003,-4,0,0,0,0
97,286.808,0,-4,0,0,0,0
98,286.808,0,-5,0,0,0,0
99,286.808,0,-5,0,0,0,0
100,286.808,0.0061,-5,0,0,0,0
101,286.808,-0.003,-5,0,0,0,0
102,286.808,-0.0061,-5,0,0,0,0
103,286.808,-0.0061,-5,0,0,0,0
104,286.808,0,-5,0,0,0,0
105,286.808,-0.0091,-5,0,0,0,0
106,286.808,0.003,-5,0,0,0,0
107,286.808,-0.0061,-5,0,0,0,0
108,286.808,-0.003,-5,0,0,0,0
109,286.808,-0.003,-5,0,0,0,0
110,286.808,0.0091,-5,0,0,0,0
111,286.808,0,-5,0,0,0,0
112,286.808,-0.0122,-5,0,0,0,0
113,286.808,-0.003,-5,0,0,0,0
114,286.808,-0.0061,-5,0,0,0,0
115,286.808,0.0061,-5,0,0,0,0
116,286.808,-0.003,-5,0,0,0,0
117,286.808,0.003,-5,0,0,0,0
118,286.808,-0.003,-5,0,0,0,0
119,286.808,0,-5,0,0,0,0
120,286.808,0.0061,-5,0,0,0,0
121,286.808,0.003,-5,0,0,0,0
122,286.808,0.003,-5,0,0,0,0
123,286.808,0.0091,-5,0,0,0,0
124,286.808,0,-5,0,0,0,0
125,286.808,-0.003,-5,0,0,0,0
126,286.808,0.003,-5,0,0,0,0
127,286.808,0,-5,0,0,0,0
128,286.808,0.003,-5,0,0,0,0
129,286.808,0.0061,-5,0,0,0,0
130,286.808,0.003,-5,0,0,0,0
131,286.808,-0.003,-5,0,0,0,0
132,286.808,0,-5,0,0,0,0
133,286.808,-0.0061,-5,0,0,0,0
134,286.808,-0.003,-5,0,0,0,0
135,286.808,0,-5,0,0,0,0
136,286.808,-0.003,-5,0,0,0,0
137,286.808,0,-5,0,0,0,0
138,286.808,-0.0091,-5,0,0,0,0
139,286.808,0.003,-5,0,0,0,0
140,286.808,0,-5,0,0,0,0
141,286.808,-0.003,-5,0,0,0,0
142,286.808,-0.003,-5,0,0,0,0
143,286.808,0,-5,0,0,0,0
144,286.808,-0.0061,-5,0,0,0,0
145,286.808,0.003,-5,0,0,0,0
146,286.808,0,-5,0,0,0,0
147,286.808,0.003,-5,0,0,0,0
148,286.808,0.0061,-5,0,0,0,0
149,286.808,-0.0091,-5,0,0,0,0
150,286.809,-0.003,-6,0,0,-1,0
151,286.809,-0.0061,-5,0,0,0,0
152,286.809,0,-6,0,0,-1,0
153,286.809,-0.0152,-5,0,0,0,0
154,286.809,0,-5,0,0,0,0
155,286.809,-0.0274,-6,0,0,-1,0
156,286.81,-0.0183,-5,0,0,0,0
157,286.81,-0.0183,-5,0,0,0,0
158,286.81,-0.0304,-5,0,0,0,0
159,286.811,-0.0426,-6,0,0,-1,0
160,286.812,-0.0548,-6,0,0,-1,0
161,286.814,-0.1126,-5,0,0,0,0
162,286.816,-0.1491,-5,0,0,0,0
163,286.821,-0.3104,-5,0,0,0,0
164,286.828,-0.5203,-4,0,0,0,0
165,286.847,-1.5823,-2,0,0,0,0
166,286.877,0.2647,-2,0,0,0,0
167,286.875,0.0122,-4,0,0,0,0
168,286.875,-0.003,-3,0,0,0,0
169,286.875,0.003,-3,0,0,0,0
170,286.875,0.0152,-3,0,0,0,0
171,286.874,-0.003,-3,0,0,0,0
172,286.874,-0.003,-3,0,0,0,0
173,286.874,-0.003,-3,0,0,0,0
174,286.874,0,-3,0,0,0,0
175,286.874,0.0122,-3,0,0,0,0
176,286.875,-0.0396,-2,0,0,0,0
177,286.878,-0.5325,-2,0,0,0,0
178,286.896,-1.771,1,0,0,0,0
179,286.957,-3.2741,7,0,0,1,0
180,287.025,-2.2669,8,0,0,1,0
181,287.048,-1.2658,7,0,0,1,0
182,287.064,-0.0061,5,0,0,0,0
183,287.064,0.0061,6,0,0,1,0
184,287.064,-0.0061,6,0,0,1,0
185,287.064,0.003,6,0,0,1,0
186,287.064,0,7,0,0,1,0
187,287.064,-0.0426,7,0,0,1,0
188,287.067,-0.3317,9,0,0,1,0
189,287.073,-0.9098,9,0,0,1,0
190,287.104,-2.1848,13,0,0,2,0
191,287.174,-3.0642,18,0,0,3,0
192,287.254,-4.0866,23,0,0,4,0
193,287.301,-4.4061,26,0,0,4,0
194,287.399,-4.5673,31,0,0,5,0
195,287.496,-3.4141,33,0,0,5,0
196,287.535,-2.9638,34,0,0,5,0
197,287.593,-2.2791,35,0,0,6,0
198,287.637,-1.4606,37,0,0,6,0
199,287.663,-0.7181,38,0,0,6,0
200,287.67,0,38,0,0,6,0
201,287.67,0.0091,39,0,0,6,0
202,287.67,0.0091,41,0,0,7,0
203,287.67,0.0061,43,0,0,7,0
204,287.67,0.0274,44,0,0,7,0
205,287.669,0.0335,46,0,0,8,0
206,287.668,0.0456,48,0,0,8,0
207,287.668,0.0609,49,0,0,8,0
208,287.666,0.1065,51,0,0,8,0
209,287.663,0.1704,52,0,0,9,0
210,287.66,0.2282,53,0,0,9,0
211,287.657,0.3712,54,0,0,9,0
212,287.649,0.6755,54,0,0,9,0
213,287.638,0.922,55,0,0,9,0
214,287.627,1.1532,55,0,0,9,0
215,287.601,1.5001,55,0,0,9,0
216,287.572,1.7527,55,0,0,9,0
217,287.542,1.7466,55,0,0,9,0
218,287.508,1.7527,55,0,0,9,0
219,287.487,1.847,56,0,0,9,0
220,287.443,1.9718,55,0,0,9,0
221,287.4,2.0935,55,0,0,9,0
222,287.374,1.9505,55,0,0,9,0
223,287.337,1.8014,56,0,0,9,0
224,287.3,1.9535,55,0,0,9,0
225,287.255,2.2091,54,0,0,9,0
226,287.196,2.486,53,0,0,9,0
227,287.139,2.8664,51,0,0,8,0
228,287.105,2.8177,51,0,0,8,0
229,287.051,2.7538,50,0,0,8,0
230,286.988,2.626,49,0,0,8,0
231,286.919,1.9322,48,0,0,8,0
232,286.895,1.8288,48,0,0,8,0
233,286.851,1.7801,47,0,0,8,0
234,286.832,1.5488,47,0,0,8,0
235,286.803,0.9311,47,0,0,8,0
236,286.786,0.423,48,0,0,8,0
237,286.782,0.21,48,0,0,8,0
238,286.779,0.0548,48,0,0,8,0
239,286.778,0.0122,48,0,0,8,0
240,286.778,0.0213,48,0,0,8,0
241,286.778,0.0091,48,0,0,8,0
242,286.778,0.0091,48,0,0,8,0
243,286.778,0.0061,48,0,0,8,0
244,286.778,0.0122,48,0,0,8,0
245,286.777,0.0274,48,0,0,8,0
246,286.777,0.0213,48,0,0,8,0
247,286.776,0.0426,48,0,0,8,0
248,286.774,0.0822,47,0,0,8,0
249,286.773,0.1217,47,0,0,8,0
250,286.771,0.0943,47,0,0,8,0
251,286.77,0.0639,47,0,0,8,0
252,286.769,0.0304,47,0,0,8,0
253,286.768,0.0304,47,0,0,8,0
254,286.768,0.0304,47,0,0,8,0
255,286.767,0.0426,47,0,0,8,0
256,286.766,0.0913,46,0,0,8,0
257,286.762,0.2708,46,0,0,8,0
258,286.758,0.4564,46,0,0,8,0
259,286.744,0.7546,44,0,0,7,0
260,286.721,1.0772,43,0,0,7,0
261,286.71,1.1563,42,0,0,7,0
262,286.677,1.1593,41,0,0,7,0
263,286.664,1.1106,40,0,0,7,0
264,286.638,1.2902,39,0,0,6,0
265,286.608,1.275,38,0,0,6,0
266,286.592,1.0893,37,0,0,6,0
267,286.57,0.6542,37,0,0,6,0
268,286.557,0.283,37,0,0,6,0
269,286.554,0.1339,37,0,0,6,0
270,286.553,0.0183,36,0,0,6,0
271,286.553,0.0152,36,0,0,6,0
272,286.553,0.0061,36,0,0,6,0
273,286.553,0,35,0,0,6,0
274,286.553,-0.003,35,0,0,6,0
275,286.553,0,35,0,0,6,0
276,286.553,-0.0061,34,0,0,5,0
277,286.553,0,34,0,0,5,0
278,286.553,0.003,33,0,0,5,0
279,286.553,0,33,0,0,5,0
280,286.553,-0.003,32,0,0,5,0
281,286.553,0,32,0,0,5,0
282,286.553,0,31,0,0,5,0
283,286.553,0,30,0,0,5,0
284,286.553,0,30,0,0,5,0
285,286.553,-0.003,29,0,0,5,0
286,286.553,0.003,29,0,0,5,0
287,286.553,-0.0061,28,0,0,4,0
288,286.553,0,28,0,0,4,0
289,286.553,-0.0122,27,0,0,4,0
290,286.553,0.003,27,0,0,4,0
291,286.553,-0.003,26,0,0,4,0
292,286.553,0,26,0,0,4,0
293,286.553,0,25,0,0,4,0
294,286.553,0.0061,25,0,0,4,0
295,286.553,0,24,0,0,4,0
296,286.553,-0.003,24,0,0,4,0
297,286.554,-0.003,23,0,0,4,0
298,286.554,-0.0061,23,0,0,4,0
299,286.554,-0.003,22,0,0,3,0
300,286.554,-0.0061,22,0,0,3,0
301,286.554,-0.003,21,0,0,3,0
302,286.554,-0.0091,21,0,0,3,0
303,286.554,0,20,0,0,3,0
304,286.554,0,20,0,0,3,0
305,286.554,-0.0061,19,0,0,3,0
306,286.554,-0.0061,19,0,0,3,0
307,286.555,0.003,19,0,0,3,0
308,286.555,0,18,0,0,3,0
309,286.555,0.0061,17,0,0,2,0
310,286.555,0.003,17,0,0,2,0
311,286.555,0,16,0,0,2,0
312,286.555,-0.003,16,0,0,2,0
313,286.555,0,15,0,0,2,0
314,286.555,-0.003,15,0,0,2,0
315,286.555,-0.003,14,0,0,2,0
316,286.555,-0.0122,14,0,0,2,0
317,286.555,-0.0061,13,0,0,2,0
318,286.555,-0.0122,13,0,0,2,0
319,286.556,-0.0061,12,0,0,2,0
320,286.556,-0.003,12,0,0,2,0
321,286.556,-0.003,11,0,0,1,0
322,286.556,-0.003,11,0,0,1,0
323,286.556,0,11,0,0,1,0
324,286.556,0.003,10,0,0,1,0
325,286.556,-0.003,9,0,0,1,0
326,286.556,-0.0061,9,0,0,1,0
327,286.556,0.003,8,0,0,1,0
328,286.556,-0.0122,8,0,0,1,0
329,286.556,-0.003,7,0,0,1,0
330,286.556,-0.0122,7,0,0,1,0
331,286.556,-0.0091,6,0,0,1,0
332,286.557,-0.0061,6,0,0,1,0
333,286.557,-0.0061,6,0,0,1,0
334,286.557,-0.003,5,0,0,0,0
335,286.557,0,5,0,0,0,0
336,286.557,-0.0152,5,0,0,0,0
337,286.557,-0.0152,4,0,0,0,0
338,286.558,-0.0061,4,0,0,0,0
339,286.558,-0.0183,3,0,0,0,0
340,286.559,-0.0274,3,0,0,0,0
341,286.559,-0.0335,2,0,0,0,0
342,286.56,-0.0517,2,0,0,0,0
343,286.561,-0.0365,1,0,0,0,0
344,286.562,-0.0548,1,0,0,0,0
345,286.563,-0.0609,0,0,0,0,0
346,286.564,-0.0517,0,0,0,0,0
347,286.565,-0.0396,-1,0,0,0,0
348,286.566,-0.0396,-1,0,0,0,0
349,286.567,-0.0426,-2,0,0,0,0
350,286.567,-0.0487,-2,0,0,0,0
351,286.569,-0.0609,-2,0,0,0,0
352,286.57,-0.07,-3,0,0,0,0
353,286.571,-0.0913,-3,0,0,0,0
354,286.574,-0.1674,-4,0,0,0,0
355,286.578,-0.21,-4,0,0,0,0
356,286.581,-0.2282,-4,0,0,0,0
357,286.587,-0.2282,-4,0,0,0,0
358,286.593,-0.2465,-5,0,0,0,0
359,286.596,-0.2678,-5,0,0,0,0
360,286.602,-0.283,-5,0,0,0,0
361,286.61,-0.3195,-5,0,0,0,0
362,286.613,-0.3012,-5,0,0,0,0
363,286.622,-0.4351,-6,0,0,-1,0
364,286.633,-0.4838,-6,0,0,-1,0
365,286.639,-0.4595,-6,0,0,-1,0
366,286.65,-0.5386,-6,0,0,-1,0
367,286.664,-0.642,-5,0,0,0,0
368,286.672,-0.6938,-5,0,0,0,0
369,286.688,-0.7394,-5,0,0,0,0
370,286.706,-0.8429,-5,0,0,0,0
371,286.73,-0.8763,-4,0,0,0,0
372,286.74,-0.9159,-4,0,0,0,0
373,286.766,-1.3662,-3,0,0,0,0
374,286.785,-1.7344,-1,0,0,0,0
375,286.839,-2.5165,2,0,0,0,0
376,286.911,-2.9485,5,0,0,0,0
377,286.95,-3.122,7,0,0,1,0
378,287.029,-2.413,8,0,0,1,0
379,287.059,-2.0874,9,0,0,1,0
380,287.116,-2.4982,12,0,0,2,0
381,287.194,-2.7112,15,0,0,2,0
382,287.268,-3.3228,19,0,0,3,0
383,287.315,-3.3563,22,0,0,3,0
384,287.398,-3.0885,25,0,0,4,0
385,287.461,-1.5914,26,0,0,4,0
386,287.477,-1.0802,26,0,0,4,0
387,287.498,-0.5903,27,0,0,4,0
388,287.504,-0.4321,28,0,0,4,0
389,287.512,-0.1095,29,0,0,5,0
390,287.513,-0.0456,29,0,0,5,0
391,287.514,0.0091,31,0,0,5,0
392,287.514,-0.0061,32,0,0,5,0
393,287.514,0.0091,33,0,0,5,0
394,287.513,-0.0061,34,0,0,5,0
395,287.513,-0.003,35,0,0,6,0
396,287.513,0.003,35,0,0,6,0
397,287.513,0,37,0,0,6,0
398,287.513,0,39,0,0,6,0
399,287.513,0.0122,40,0,0,7,0
400,287.513,0.003,41,0,0,7,0
401,287.513,0.0091,43,0,0,7,0
402,287.513,0.003,44,0,0,7,0
403,287.513,0.0122,45,0,0,7,0
404,287.512,0,47,0,0,8,0
405,287.512,0.0152,48,0,0,8,0
406,287.512,0.0122,49,0,0,8,0
407,287.512,0.0183,50,0,0,8,0
408,287.512,0.0091,52,0,0,9,0
409,287.511,0.0213,53,0,0,9,0
410,287.511,0.0122,54,0,0,9,0
411,287.511,0.0152,55,0,0,9,0
412,287.51,0.0183,56,0,0,9,0
413,287.51,0.0213,57,0,0,10,0
414,287.51,0.003,59,0,0,10,0
415,287.51,0.0122,59,0,0,10,0
416,287.509,0.0243,61,0,0,10,0
417,287.509,0.0426,62,0,0,10,0
418,287.508,0.0456,63,0,0,11,0
419,287.507,0.0487,64,0,0,11,0
420,287.506,0.0426,66,0,0,11,0
421,287.505,0.0639,68,0,0,11,0
422,287.504,0.0669,69,0,0,12,0
423,287.502,0.0456,70,0,0,12,0
424,287.502,0.0669,71,0,0,12,0
425,287.5,0.1217,72,0,0,12,0
426,287.498,0.1734,73,0,0,12,0
427,287.491,0.3712,74,0,0,13,0
428,287.486,0.4686,75,0,0,13,0
429,287.473,0.5416,75,0,0,13,0
430,287.466,0.5599,76,0,0,13,0
431,287.447,0.6116,77,0,0,13,0
432,287.44,0.5873,78,0,0,13,0
433,287.425,0.5416,79,0,0,13,0
434,287.419,0.5416,80,0,0,14,0
435,287.406,0.642,80,0,0,14,0
436,287.388,0.7942,81,0,0,14,0
437,287.377,1.0041,81,0,0,14,0
438,287.341,1.631,80,0,0,14,0
439,287.321,2.0235,80,0,0,14,0
440,287.258,2.6503,78,0,0,13,0
441,287.228,2.7447,77,0,0,13,0
442,287.152,2.8968,75,0,0,13,0
443,287.119,2.4373,75,0,0,13,0
444,287.071,1.5062,76,0,0,13,0
445,287.035,1.1106,77,0,0,13,0
446,287.022,0.9768,77,0,0,13,0
447,286.998,0.8733,77,0,0,13,0
448,286.989,0.8124,77,0,0,13,0
449,286.966,0.8429,77,0,0,13,0
450,286.956,0.8916,77,0,0,13,0
451,286.933,0.9737,76,0,0,13,0
452,286.908,0.9159,76,0,0,13,0
453,286.9,0.8733,76,0,0,13,0
454,286.877,0.8946,75,0,0,13,0
455,286.869,0.8642,75,0,0,13,0
456,286.857,0.8368,75,0,0,13,0
457,286.847,0.6694,75,0,0,13,0
458,286.841,0.569,75,0,0,13,0
459,286.832,0.3317,75,0,0,13,0
460,286.825,0.2495,75,0,0,13,0
461,286.819,0.1795,75,0,0,13,0
462,286.815,0.0822,75,0,0,13,0
463,286.815,0.0487,75,0,0,13,0
464,286.813,0.0639,76,0,0,13,0
465,286.812,0.0517,75,0,0,13,0
466,286.811,0.0761,75,0,0,13,0
467,286.808,0.1795,75,0,0,13,0
468,286.806,0.2769,75,0,0,13,0
469,286.796,0.5477,74,0,0,13,0
470,286.788,0.6603,74,0,0,13,0
471,286.768,0.992,72,0,0,12,0
472,286.757,1.1532,71,0,0,12,0
473,286.721,1.3875,70,0,0,12,0
474,286.678,1.3236,68,0,0,11,0
475,286.663,1.3571,68,0,0,11,0
476,286.625,1.7344,65,0,0,11,0
477,286.601,1.9383,64,0,0,11,0
478,286.55,1.9566,62,0,0,10,0
479,286.522,1.844,61,0,0,10,0
480,286.476,1.8349,59,0,0,10,0
481,286.454,1.8896,58,0,0,10,0
482,286.396,1.4971,55,0,0,9,0
483,286.378,1.1228,55,0,0,9,0
484,286.358,0.216,55,0,0,9,0
485,286.357,0.0578,55,0,0,9,0
486,286.356,0.0061,54,0,0,9,0
487,286.356,0,54,0,0,9,0
488,286.356,0,52,0,0,9,0
489,286.356,-0.0061,52,0,0,9,0
490,286.356,-0.003,51,0,0,8,0
491,286.356,-0.0091,50,0,0,8,0
492,286.356,-0.0152,49,0,0,8,0
493,286.356,-0.003,48,0,0,8,0
494,286.357,-0.0122,47,0,0,8,0
495,286.357,-0.0061,47,0,0,8,0
496,286.357,-0.0122,46,0,0,8,0
497,286.357,-0.003,45,0,0,7,0
498,286.357,-0.0061,44,0,0,7,0
499,286.357,-0.0061,43,0,0,7,0
500,286.358,-0.0152,42,0,0,7,0
501,286.358,-0.0152,41,0,0,7,0
502,286.358,-0.0091,40,0,0,7,0
503,286.358,-0.0152,40,0,0,7,0
504,286.359,-0.0183,39,0,0,6,0
505,286.359,-0.0122,38,0,0,6,0
506,286.359,-0.0122,37,0,0,6,0
507,286.359,-0.0091,36,0,0,6,0
508,286.36,-0.003,35,0,0,6,0
509,286.36,-0.0122,35,0,0,6,0
510,286.36,-0.0061,34,0,0,5,0
511,286.36,-0.0122,33,0,0,5,0
512,286.361,-0.0213,32,0,0,5,0
513,286.362,-0.0243,31,0,0,5,0
514,286.362,-0.0122,30,0,0,5,0
515,286.362,-0.0152,29,0,0,5,0
516,286.363,-0.0243,28,0,0,4,0
517,286.363,-0.0122,27,0,0,4,0
518,286.364,-0.0152,26,0,0,4,0
519,286.364,-0.0183,25,0,0,4,0
520,286.365,-0.0274,24,0,0,4,0
521,286.365,-0.0304,24,0,0,4,0
522,286.366,-0.0365,22,0,0,3,0
523,286.366,-0.0304,22,0,0,3,0
524,286.367,-0.0243,21,0,0,3,0
525,286.367,-0.0274,20,0,0,3,0
526,286.368,-0.0243,19,0,0,3,0
527,286.369,-0.0335,18,0,0,3,0
528,286.37,-0.0335,17,0,0,2,0
529,286.37,-0.0365,17,0,0,2,0
530,286.371,-0.0365,16,0,0,2,0
531,286.371,-0.0517,15,0,0,2,0
532,286.374,-0.1491,14,0,0,2,0
533,286.379,-0.286,13,0,0,2,0
534,286.39,-0.5873,13,0,0,2,0
535,286.412,-1.1167,14,0,0,2,0
536,286.429,-1.3815,14,0,0,2,0
537,286.464,-1.5488,15,0,0,2,0
538,286.486,-1.8592,16,0,0,2,0
539,286.541,-2.3217,18,0,0,3,0
540,286.567,-2.3582,18,0,0,3,0
541,286.643,-2.2243,19,0,0,3,0
542,286.703,-2.6047,21,0,0,3,0
543,286.777,-2.7599,23,0,0,4,0
544,286.852,-3.0003,26,0,0,4,0
545,286.888,-2.9455,27,0,0,4,0
546,286.966,-3.0885,30,0,0,5,0
547,287.001,-2.836,31,0,0,5,0
548,287.06,-1.7679,31,0,0,5,0
549,287.079,-1.6705,31,0,0,5,0
550,287.117,-1.0954,32,0,0,5,0
551,287.142,-0.3895,33,0,0,5,0
552,287.146,-0.1643,33,0,0,5,0
553,287.148,-0.0335,33,0,0,5,0
554,287.149,-0.0122,34,0,0,5,0
555,287.149,-0.003,35,0,0,6,0
556,287.149,-0.003,35,0,0,6,0
557,287.149,0.0061,36,0,0,6,0
558,287.149,0,36,0,0,6,0
559,287.149,0.003,37,0,0,6,0
560,287.149,0.003,37,0,0,6,0
561,287.149,0.0122,39,0,0,6,0
562,287.149,0.0152,40,0,0,7,0
563,287.149,-0.0061,40,0,0,7,0
564,287.148,0.0061,41,0,0,7,0
565,287.148,0,41,0,0,7,0
566,287.148,-0.0091,42,0,0,7,0
567,287.148,0.003,42,0,0,7,0
568,287.148,0.003,43,0,0,7,0
569,287.148,0.0122,44,0,0,7,0
570,287.148,0.0122,44,0,0,7,0
571,287.148,0.0122,45,0,0,7,0
572,287.148,0.0061,46,0,0,8,0
573,287.148,0,46,0,0,8,0
574,287.148,-0.0061,47,0,0,8,0
575,287.148,0.0061,47,0,0,8,0
576,287.148,-0.0091,48,0,0,8,0
577,287.148,0.0091,49,0,0,8,0
578,287.148,0.0061,49,0,0,8,0
579,287.148,0.0122,49,0,0,8,0
580,287.148,-0.0061,49,0,0,8,0
581,287.148,-0.003,50,0,0,8,0
582,287.148,0.0091,50,0,0,8,0
583,287.147,0.0061,51,0,0,8,0
584,287.147,0.003,52,0,0,9,0
585,287.147,0,52,0,0,9,0
586,287.147,0.0061,53,0,0,9,0
587,287.147,0.003,54,0,0,9,0
588,287.147,-0.003,54,0,0,9,0
589,287.147,-0.003,55,0,0,9,0
590,287.147,0,56,0,0,9,0
591,287.147,0.0091,56,0,0,9,0
592,287.147,0.0152,57,0,0,10,0
593,287.147,0.0061,58,0,0,10,0
594,287.147,0.003,58,0,0,10,0
595,287.147,0.0061,59,0,0,10,0
596,287.146,0.0243,60,0,0,10,0
597,287.146,-0.003,60,0,0,10,0
598,287.146,0.0061,61,0,0,10,0
599,287.146,0.003,61,0,0,10,0
600,287.146,0.0061,62,0,0,10,0
601,287.146,0.0061,62,0,0,10,0
602,287.146,0.0122,63,0,0,11,0
603,287.145,0.0061,63,0,0,11,0
604,287.145,0.0243,64,0,0,11,0
605,287.145,0.0183,64,0,0,11,0
606,287.144,0.0122,65,0,0,11,0
607,287.144,0.0213,66,0,0,11,0
608,287.144,0.0183,67,0,0,11,0
609,287.144,0.0091,67,0,0,11,0
610,287.143,0.0426,68,0,0,11,0
611,287.142,0.0609,68,0,0,11,0
612,287.14,0.0669,69,0,0,12,0
613,287.138,0.0852,70,0,0,12,0
614,287.137,0.0913,70,0,0,12,0
615,287.134,0.1156,71,0,0,12,0
616,287.13,0.143,71,0,0,12,0
617,287.129,0.1491,72,0,0,12,0
618,287.124,0.2069,72,0,0,12,0
619,287.121,0.2221,72,0,0,12,0
620,287.115,0.1978,73,0,0,12,0
621,287.113,0.1917,74,0,0,13,0
622,287.106,0.2191,74,0,0,13,0
623,287.103,0.2008,74,0,0,13,0
624,287.098,0.1947,75,0,0,13,0
625,287.093,0.2008,76,0,0,13,0
626,287.09,0.1917,76,0,0,13,0
627,287.086,0.1339,76,0,0,13,0
628,287.082,0.1978,77,0,0,13,0
629,287.079,0.2008,77,0,0,13,0
630,287.074,0.216,77,0,0,13,0
631,287.071,0.1856,78,0,0,13,0
632,287.066,0.1521,79,0,0,13,0
633,287.064,0.1521,79,0,0,13,0
634,287.06,0.1643,79,0,0,13,0
635,287.056,0.2039,80,0,0,14,0
636,287.049,0.4169,80,0,0,14,0
637,287.032,1.0589,79,0,0,13,0
638,287.02,1.3358,78,0,0,13,0
639,286.997,1.8044,77,0,0,13,0
640,286.963,2.3248,75,0,0,13,0
641,286.903,3.0976,72,0,0,12,0
642,286.807,4.4182,67,0,0,11,0
643,286.679,4.899,62,0,0,10,0
644,286.547,4.3209,58,0,0,10,0
645,286.492,3.9557,57,0,0,10,0
646,286.391,3.8431,54,0,0,9,0
647,286.342,3.7853,52,0,0,9,0
648,286.247,3.2467,48,0,0,8,0
649,286.212,2.979,48,0,0,8,0
650,286.144,2.2243,45,0,0,7,0
651,286.119,1.9961,45,0,0,7,0
652,286.066,1.3389,42,0,0,7,0
653,286.051,1.3297,41,0,0,7,0
654,286.018,1.1776,39,0,0,6,0
655,286.007,1.0285,38,0,0,6,0
656,285.987,0.5082,36,0,0,6,0
657,285.978,0.0943,35,0,0,6,0
658,285.978,0.0426,34,0,0,5,0
659,285.977,0.0091,32,0,0,5,0
660,285.977,-0.0061,30,0,0,5,0
661,285.977,-0.0061,27,0,0,4,0
662,285.977,-0.003,27,0,0,4,0
663,285.978,-0.0091,24,0,0,4,0
664,285.978,-0.0122,23,0,0,4,0
665,285.978,-0.0122,21,0,0,3,0
666,285.978,-0.0122,20,0,0,3,0
667,285.978,-0.0122,18,0,0,3,0
668,285.978,-0.0122,17,0,0,2,0
669,285.979,-0.003,15,0,0,2,0
670,285.979,-0.0183,14,0,0,2,0
671,285.979,-0.0061,11,0,0,1,0
672,285.98,-0.0061,10,0,0,1,0
673,285.98,-0.0152,8,0,0,1,0
674,285.98,-0.0152,7,0,0,1,0
675,285.981,-0.0152,5,0,0,0,0
676,285.981,-0.0426,4,0,0,0,0
677,285.982,-0.0578,2,0,0,0,0
678,285.983,-0.0609,2,0,0,0,0
679,285.985,-0.0365,-1,0,0,0,0
680,285.986,-0.0669,-2,0,0,0,0
681,285.988,-0.0456,-4,0,0,0,0
682,285.988,-0.0517,-5,0,0,0,0
683,285.99,-0.0578,-7,0,0,-1,0
684,285.991,-0.0761,-8,0,0,-1,0
685,285.992,-0.0426,-10,0,0,-1,0
686,285.992,-0.0396,-11,0,0,-1,0
687,285.993,-0.0548,-13,0,0,-2,0
688,285.994,-0.0578,-14,0,0,-2,0
689,285.995,-0.0669,-16,0,0,-2,0
690,285.996,-0.0852,-17,0,0,-2,0
691,286,-0.1461,-19,0,0,-3,0
692,286.002,-0.1917,-20,0,0,-3,0
693,286.007,-0.286,-22,0,0,-3,0
694,286.011,-0.3347,-22,0,0,-3,0
695,286.02,-0.426,-24,0,0,-4,0
696,286.025,-0.4929,-24,0,0,-4,0
697,286.039,-0.5903,-25,0,0,-4,0
698,286.059,-0.855,-27,0,0,-4,0
699,286.07,-0.9007,-27,0,0,-4,0
700,286.096,-0.9433,-28,0,0,-4,0
701,286.108,-0.9129,-29,0,0,-5,0
702,286.136,-0.8885,-30,0,0,-5,0
703,286.145,-0.8855,-31,0,0,-5,0
704,286.169,-0.9707,-31,0,0,-5,0
705,286.185,-1.0467,-32,0,0,-5,0
706,286.213,-1.2597,-32,0,0,-5,0
707,286.23,-1.5427,-32,0,0,-5,0
708,286.274,-1.7162,-32,0,0,-5,0
709,286.294,-1.6432,-32,0,0,-5,0
710,286.336,-1.6066,-32,0,0,-5,0
711,286.4,-2.2852,-30,0,0,-5,0
712,286.435,-2.2091,-30,0,0,-5,0
713,286.491,-2.1391,-29,0,0,-5,0
714,286.548,-1.8257,-29,0,0,-5,0
715,286.594,-1.4332,-29,0,0,-5,0
716,286.611,-1.2476,-29,0,0,-5,0
717,286.645,-1.1837,-29,0,0,-5,0
718,286.664,-1.2932,-29,0,0,-5,0
719,286.698,-1.3054,-28,0,0,-4,0
720,286.715,-1.2141,-27,0,0,-4,0
721,286.751,-1.065,-27,0,0,-4,0
722,286.762,-1.0833,-27,0,0,-4,0
723,286.794,-1.2658,-26,0,0,-4,0
724,286.809,-1.1989,-25,0,0,-4,0
725,286.837,-0.9098,-25,0,0,-4,0
726,286.848,-0.7333,-25,0,0,-4,0
727,286.862,-0.3256,-25,0,0,-4,0
728,286.866,-0.283,-25,0,0,-4,0
729,286.872,-0.1643,-25,0,0,-4,0
730,286.874,-0.1278,-25,0,0,-4,0
731,286.876,-0.0761,-25,0,0,-4,0
732,286.877,-0.0609,-25,0,0,-4,0
733,286.879,-0.0396,-25,0,0,-4,0
734,286.879,-0.0335,-25,0,0,-4,0
735,286.88,-0.0152,-25,0,0,-4,0
736,286.88,-0.0061,-25,0,0,-4,0
737,286.88,-0.0183,-25,0,0,-4,0
738,286.881,-0.0061,-24,0,0,-4,0
739,286.881,-0.0091,-24,0,0,-4,0
740,286.881,-0.003,-24,0,0,-4,0
741,286.881,-0.003,-24,0,0,-4,0
742,286.881,-0.0061,-24,0,0,-4,0
743,286.881,-0.0061,-24,0,0,-4,0
744,286.881,-0.0091,-24,0,0,-4,0
745,286.881,0.003,-24,0,0,-4,0
746,286.881,-0.003,-24,0,0,-4,0
747,286.881,0.0061,-23,0,0,-4,0
748,286.881,-0.003,-23,0,0,-4,0
749,286.881,0,-23,0,0,-4,0
750,286.881,-0.0061,-23,0,0,-4,0
751,286.881,-0.003,-23,0,0,-4,0
752,286.881,-0.0061,-23,0,0,-4,0
753,286.881,-0.0061,-23,0,0,-4,0
754,286.881,0.003,-23,0,0,-4,0
755,286.881,-0.0091,-23,0,0,-4,0
756,286.881,0.003,-22,0,0,-3,0
757,286.881,-0.003,-22,0,0,-3,0
758,286.881,-0.003,-22,0,0,-3,0
759,286.881,0.003,-22,0,0,-3,0
760,286.881,0,-22,0,0,-3,0
761,286.881,0.0061,-22,0,0,-3,0
762,286.881,-0.003,-22,0,0,-3,0
763,286.881,0.003,-22,0,0,-3,0
764,286.881,0.0061,-21,0,0,-3,0
765,286.881,-0.003,-21,0,0,-3,0
766,286.881,0.0091,-21,0,0,-3,0
767,286.881,-0.0061,-21,0,0,-3,0
768,286.881,0.0061,-21,0,0,-3,0
769,286.881,-0.0061,-21,0,0,-3,0
770,286.881,0.003,-21,0,0,-3,0
771,286.881,-0.0061,-21,0,0,-3,0
772,286.881,0.0091,-20,0,0,-3,0
773,286.881,0.003,-21,0,0,-3,0
774,286.881,0,-20,0,0,-3,0
775,286.881,-0.0091,-20,0,0,-3,0
776,286.881,0,-20,0,0,-3,0
777,286.881,0.003,-20,0,0,-3,0
778,286.881,-0.003,-20,0,0,-3,0
779,286.881,-0.0061,-20,0,0,-3,0
780,286.881,0.0061,-20,0,0,-3,0
781,286.881,0.0061,-19,0,0,-3,0
782,286.881,-0.003,-19,0,0,-3,0
783,286.881,-0.0061,-19,0,0,-3,0
784,286.881,-0.0061,-19,0,0,-3,0
785,286.881,0.0091,-19,0,0,-3,0
786,286.881,0,-19,0,0,-3,0
787,286.881,0,-19,0,0,-3,0
788,286.881,0.003,-19,0,0,-3,0
789,286.881,0,-18,0,0,-3,0
790,286.881,-0.0061,-18,0,0,-3,0
791,286.881,0,-18,0,0,-3,0
792,286.881,0,-18,0,0,-3,0
793,286.881,0.003,-18,0,0,-3,0
794,286.881,0,-18,0,0,-3,0
795,286.881,-0.0061,-18,0,0,-3,0
796,286.881,0.0091,-18,0,0,-3,0
797,286.881,0.003,-18,0,0,-3,0
798,286.881,0.0061,-17,0,0,-2,0
799,286.881,0,-17,0,0,-2,0
800,286.881,0.0091,-17,0,0,-2,0
801,286.881,-0.003,-17,0,0,-2,0
802,286.881,0.0091,-17,0,0,-2,0
803,286.88,0.003,-17,0,0,-2,0
804,286.88,0.003,-17,0,0,-2,0
805,286.88,0.003,-17,0,0,-2,0
806,286.88,0.003,-17,0,0,-2,0
807,286.88,0,-16,0,0,-2,0
808,286.88,-0.003,-16,0,0,-2,0
809,286.88,0.0061,-16,0,0,-2,0
810,286.88,0,-16,0,0,-2,0
811,286.88,-0.003,-16,0,0,-2,0
812,286.88,0.003,-16,0,0,-2,0
813,286.88,-0.0061,-16,0,0,-2,0
814,286.88,0.003,-15,0,0,-2,0
815,286.88,0,-15,0,0,-2,0
816,286.88,0,-15,0,0,-2,0
817,286.88,-0.003,-15,0,0,-2,0
818,286.88,-0.0122,-15,0,0,-2,0
819,286.88,0.0091,-15,0,0,-2,0
820,286.88,-0.003,-15,0,0,-2,0
821,286.88,0,-15,0,0,-2,0
822,286.88,0.003,-15,0,0,-2,0
823,286.88,0,-15,0,0,-2,0
824,286.88,0.0061,-14,0,0,-2,0
825,286.88,-0.003,-15,0,0,-2,0
826,286.88,0.0061,-14,0,0,-2,0
827,286.88,0.0061,-14,0,0,-2,0
828,286.88,0.003,-14,0,0,-2,0
829,286.88,0,-14,0,0,-2,0
830,286.88,0,-14,0,0,-2,0
831,286.88,0.003,-14,0,0,-2,0
832,286.88,-0.003,-14,0,0,-2,0
833,286.88,0,-14,0,0,-2,0
834,286.88,0,-13,0,0,-2,0
835,286.88,-0.0061,-13,0,0,-2,0
836,286.88,0.003,-13,0,0,-2,0
837,286.88,0,-13,0,0,-2,0
838,286.88,-0.003,-13,0,0,-2,0
839,286.88,0.0122,-13,0,0,-2,0
840,286.88,0.003,-13,0,0,-2,0
841,286.88,0.0061,-12,0,0,-2,0
842,286.88,0.0091,-12,0,0,-2,0
843,286.88,0,-12,0,0,-2,0
844,286.88,0,-12,0,0,-2,0
845,286.88,0,-12,0,0,-2,0
846,286.88,0.0061,-12,0,0,-2,0
847,286.88,0.0122,-12,0,0,-2,0
848,286.88,-0.0091,-12,0,0,-2,0
849,286.88,0.003,-12,0,0,-2,0
850,286.88,-0.003,-11,0,0,-1,0
851,286.88,0,-11,0,0,-1,0
852,286.88,0,-11,0,0,-1,0
853,286.88,0.003,-11,0,0,-1,0
854,286.88,0.0061,-11,0,0,-1,0
855,286.88,0,-11,0,0,-1,0
856,286.88,0.0061,-11,0,0,-1,0
857,286.879,0.003,-10,0,0,-1,0
858,286.879,-0.003,-10,0,0,-1,0
859,286.879,0.0061,-10,0,0,-1,0
860,286.879,0.003,-10,0,0,-1,0
861,286.879,-0.003,-10,0,0,-1,0
862,286.879,0,-10,0,0,-1,0
863,286.879,-0.003,-10,0,0,-1,0
864,286.879,0,-10,0,0,-1,0
865,286.879,0.003,-10,0,0,-1,0
866,286.879,0.003,-9,0,0,-1,0
867,286.879,-0.003,-9,0,0,-1,0
868,286.879,0.0091,-9,0,0,-1,0
869,286.879,0,-9,0,0,-1,0
870,286.879,-0.0091,-9,0,0,-1,0
871,286.879,0.0061,-9,0,0,-1,0
872,286.879,-0.003,-9,0,0,-1,0
873,286.879,0.0061,-9,0,0,-1,0
874,286.879,0.0061,-8,0,0,-1,0
875,286.879,-0.0091,-8,0,0,-1,0
876,286.879,0,-8,0,0,-1,0
877,286.879,-0.0061,-8,0,0,-1,0
878,286.879,0.003,-8,0,0,-1,0
879,286.879,-0.0091,-8,0,0,-1,0
880,286.879,0,-8,0,0,-1,0
881,286.879,0,-8,0,0,-1,0
882,286.879,0.0091,-7,0,0,-1,0
883,286.879,-0.0091,-7,0,0,-1,0
884,286.879,0,-8,0,0,-1,0
885,286.879,0,-7,0,0,-1,0
886,286.879,-0.0122,-7,0,0,-1,0
887,286.879,0.0091,-7,0,0,-1,0
888,286.879,0.0091,-7,0,0,-1,0
889,286.879,0.003,-7,0,0,-1,0
890,286.879,0,-6,0,0,-1,0
891,286.879,0,-7,0,0,-1,0
892,286.879,0.0061,-6,0,0,-1,0
893,286.879,0.0061,-6,0,0,-1,0
894,286.879,0.003,-6,0,0,-1,0
895,286.879,0.0061,-6,0,0,-1,0
896,286.878,-0.003,-6,0,0,-1,0
897,286.878,0,-6,0,0,-1,0
898,286.878,0.003,-5,0,0,0,0
899,286.878,-0.003,-6,0,0,-1,0
900,286.878,0.0061,-5,0,0,0,0
901,286.878,0.0122,-5,0,0,0,0
902,286.878,0.0061,-5,0,0,0,0
903,286.878,0.0091,-5,0,0,0,0
904,286.878,0.003,-5,0,0,0,0
905,286.878,0.0091,-5,0,0,0,0
906,286.878,0.0061,-5,0,0,0,0
907,286.878,0.0061,-5,0,0,0,0
908,286.877,0.0091,-4,0,0,0,0
909,286.877,-0.003,-4,0,0,0,0
910,286.877,0.003,-4,0,0,0,0
911,286.877,0.0061,-4,0,0,0,0
912,286.877,0.0061,-4,0,0,0,0
913,286.877,-0.003,-4,0,0,0,0
914,286.877,0.0061,-4,0,0,0,0
915,286.877,0.0061,-4,0,0,0,0
916,286.877,0,-4,0,0,0,0
917,286.877,0.003,-4,0,0,0,0
918,286.877,-0.003,-4,0,0,0,0
919,286.877,0,-3,0,0,0,0
920,286.877,0,-3,0,0,0,0
921,286.877,-0.0609,-3,0,0,0,0
922,286.878,-0.1613,-3,0,0,0,0
923,286.882,-0.2252,-2,0,0,0,0
924,286.885,-0.4138,-2,0,0,0,0
925,286.914,-2.0539,2,0,0,0,0
926,286.939,-2.6838,4,0,0,0,0
927,287.018,-2.9303,8,0,0,1,0
928,287.051,-2.7903,9,0,0,1,0
929,287.129,-3.0307,12,0,0,2,0
930,287.164,-2.8542,13,0,0,2,0
931,287.259,-3.0094,18,0,0,3,0
932,287.29,-3.0946,19,0,0,3,0
933,287.365,-2.7112,21,0,0,3,0
934,287.396,-2.3065,23,0,0,4,0
935,287.442,-1.1958,23,0,0,4,0
936,287.455,-0.8885,24,0,0,4,0
937,287.47,-0.429,25,0,0,4,0
938,287.479,-0.1856,26,0,0,4,0
939,287.481,-0.1248,27,0,0,4,0
940,287.483,-0.0882,28,0,0,4,0
941,287.484,-0.0517,28,0,0,4,0
942,287.484,-0.0335,30,0,0,5,0
943,287.485,-0.0152,30,0,0,5,0
944,287.485,-0.0061,31,0,0,5,0
945,287.485,0,33,0,0,5,0
946,287.485,-0.0213,34,0,0,5,0
947,287.486,-0.0304,35,0,0,6,0
948,287.487,-0.0852,36,0,0,6,0
949,287.489,-0.2282,38,0,0,6,0
950,287.499,-0.8003,41,0,0,7,0
951,287.521,-1.0163,44,0,0,7,0
952,287.542,-0.3773,45,0,0,7,0
953,287.545,-0.1065,46,0,0,8,0
954,287.546,0.003,47,0,0,8,0
955,287.546,0.003,49,0,0,8,0
956,287.546,0.0091,51,0,0,8,0
957,287.546,-0.003,53,0,0,9,0
958,287.546,0.0152,54,0,0,9,0
959,287.546,-0.003,55,0,0,9,0
960,287.546,0.0091,56,0,0,9,0
961,287.546,0.0091,59,0,0,10,0
962,287.546,0.0122,59,0,0,10,0
963,287.546,0.0091,61,0,0,10,0
964,287.545,0.003,62,0,0,10,0
965,287.545,0.0122,64,0,0,11,0
966,287.545,0.0304,65,0,0,11,0
967,287.544,0.0335,66,0,0,11,0
968,287.544,0.0335,67,0,0,11,0
969,287.543,0.0426,69,0,0,12,0
970,287.542,0.0456,70,0,0,12,0
971,287.541,0.0335,72,0,0,12,0
972,287.541,0.0152,73,0,0,12,0
973,287.54,0.0396,75,0,0,13,0
974,287.539,0.0609,76,0,0,13,0
975,287.538,0.07,78,0,0,13,0
976,287.537,0.0791,78,0,0,13,0
977,287.535,0.1491,80,0,0,14,0
978,287.528,0.4169,81,0,0,14,0
979,287.513,0.6055,82,0,0,14,0
980,287.504,0.7303,82,0,0,14,0
981,287.477,0.9463,83,0,0,14,0
982,287.466,0.9585,84,0,0,14,0
983,287.441,0.8916,84,0,0,14,0
984,287.43,0.925,85,0,0,14,0
985,287.405,0.9129,86,0,0,15,0
986,287.394,0.9311,86,0,0,15,0
987,287.363,1.205,86,0,0,15,0
988,287.348,1.4849,86,0,0,15,0
989,287.301,2.1665,85,0,0,14,0
990,287.276,2.5712,84,0,0,14,0
991,287.195,3.3624,81,0,0,14,0
992,287.152,3.6697,79,0,0,13,0
993,287.053,3.3776,78,0,0,13,0
994,287.013,3.3958,77,0,0,13,0
995,286.927,2.8573,76,0,0,13,0
996,286.896,2.8238,75,0,0,13,0
997,286.814,3.0855,72,0,0,12,0
998,286.787,2.9942,72,0,0,12,0
999,286.711,2.842,70,0,0,12,0
1000,286.673,2.2335,69,0,0,12,0
1001,286.653,2.0722,69,0,0,12,0
1002,286.618,1.8257,69,0,0,12,0
1003,286.604,1.6097,68,0,0,11,0
1004,286.585,1.2293,68,0,0,11,0
1005,286.57,0.7759,68,0,0,11,0
1006,286.561,0.5477,68,0,0,11,0
1007,286.557,0.4108,68,0,0,11,0
1008,286.552,0.2586,68,0,0,11,0
1009,286.55,0.2221,68,0,0,11,0
1010,286.548,0.0822,68,0,0,11,0
1011,286.547,0.0274,68,0,0,11,0
1012,286.547,0.0091,67,0,0,11,0
1013,286.547,0,67,0,0,11,0
1014,286.547,0,67,0,0,11,0
1015,286.547,0.0091,66,0,0,11,0
1016,286.547,-0.003,66,0,0,11,0
1017,286.547,0.003,66,0,0,11,0
1018,286.547,0,66,0,0,11,0
1019,286.547,-0.003,65,0,0,11,0
1020,286.547,-0.0061,65,0,0,11,0
1021,286.547,-0.0061,65,0,0,11,0
1022,286.547,-0.003,65,0,0,11,0
1023,286.547,-0.0091,64,0,0,11,0
1024,286.547,0,64,0,0,11,0
1025,286.548,-0.003,64,0,0,11,0
1026,286.548,0.003,63,0,0,11,0
1027,286.548,-0.003,63,0,0,11,0
1028,286.548,-0.003,63,0,0,11,0
1029,286.548,-0.0061,62,0,0,10,0
1030,286.548,0.0061,62,0,0,10,0
1031,286.548,-0.003,62,0,0,10,0
1032,286.548,0,61,0,0,10,0
1033,286.548,0.003,61,0,0,10,0
1034,286.548,-0.0122,61,0,0,10,0
1035,286.548,-0.0061,61,0,0,10,0
1036,286.548,-0.003,60,0,0,10,0
1037,286.548,-0.0122,60,0,0,10,0
1038,286.548,0,60,0,0,10,0
1039,286.548,-0.0061,60,0,0,10,0
1040,286.548,-0.0061,59,0,0,10,0
1041,286.548,-0.003,59,0,0,10,0
1042,286.548,-0.0122,59,0,0,10,0
1043,286.548,-0.0091,59,0,0,10,0
1044,286.548,0,58,0,0,10,0
1045,286.548,-0.003,58,0,0,10,0
1046,286.548,-0.003,58,0,0,10,0
1047,286.548,-0.0061,57,0,0,10,0
1048,286.548,-0.0091,57,0,0,10,0
1049,286.548,0,57,0,0,10,0
1050,286.548,-0.003,57,0,0,10,0
1051,286.548,-0.003,56,0,0,9,0
1052,286.548,0.0061,56,0,0,9,0
1053,286.549,0,55,0,0,9,0
1054,286.549,-0.0061,55,0,0,9,0
1055,286.549,0.003,54,0,0,9,0
1056,286.549,0.0091,54,0,0,9,0
1057,286.549,-0.0091,53,0,0,9,0
1058,286.549,-0.003,53,0,0,9,0
1059,286.549,0,52,0,0,9,0
1060,286.549,-0.0061,51,0,0,8,0
1061,286.549,-0.0122,51,0,0,8,0
1062,286.549,-0.0061,50,0,0,8,0
1063,286.549,-0.003,50,0,0,8,0
1064,286.549,-0.003,49,0,0,8,0
1065,286.549,-0.0152,49,0,0,8,0
1066,286.549,-0.0091,48,0,0,8,0
1067,286.55,-0.003,47,0,0,8,0
1068,286.55,-0.0122,47,0,0,8,0
1069,286.55,-0.0061,46,0,0,8,0
1070,286.55,-0.0061,46,0,0,8,0
1071,286.55,-0.0122,45,0,0,7,0
1072,286.55,-0.0152,45,0,0,7,0
1073,286.55,-0.0183,44,0,0,7,0
1074,286.551,-0.0213,44,0,0,7,0
1075,286.551,-0.0213,43,0,0,7,0
1076,286.552,-0.0213,43,0,0,7,0
1077,286.552,-0.0304,42,0,0,7,0
1078,286.552,-0.0243,42,0,0,7,0
1079,286.553,-0.0517,41,0,0,7,0
1080,286.555,-0.0487,41,0,0,7,0
1081,286.557,-0.1035,40,0,0,7,0
1082,286.559,-0.2008,40,0,0,7,0
1083,286.561,-0.2647,40,0,0,7,0
1084,286.565,-0.4169,40,0,0,7,0
1085,286.573,-0.5234,40,0,0,7,0
1086,286.584,-0.4686,40,0,0,7,0
1087,286.59,-0.5447,40,0,0,7,0
1088,286.605,-0.6694,40,0,0,7,0
1089,286.621,-0.5355,40,0,0,7,0
1090,286.626,-0.4808,39,0,0,6,0
1091,286.643,-0.6542,40,0,0,7,0
1092,286.652,-0.8611,40,0,0,7,0
1093,286.678,-0.8855,41,0,0,7,0
1094,286.69,-0.6542,41,0,0,7,0
1095,286.702,-0.286,40,0,0,7,0
1096,286.705,-0.2434,39,0,0,6,0
1097,286.71,-0.0882,39,0,0,6,0
1098,286.71,-0.0456,39,0,0,6,0
1099,286.711,-0.0274,38,0,0,6,0
1100,286.712,-0.0243,38,0,0,6,0
1101,286.713,-0.0213,38,0,0,6,0
1102,286.713,-0.0243,38,0,0,6,0
1103,286.714,-0.0213,38,0,0,6,0
1104,286.714,-0.0152,38,0,0,6,0
1105,286.714,-0.0183,37,0,0,6,0
1106,286.715,-0.0213,37,0,0,6,0
1107,286.715,-0.0183,37,0,0,6,0
1108,286.715,-0.0183,37,0,0,6,0
1109,286.716,-0.0426,37,0,0,6,0
1110,286.717,-0.0822,36,0,0,6,0
1111,286.72,-0.2921,37,0,0,6,0
1112,286.724,-0.4412,37,0,0,6,0
1113,286.743,-1.0467,38,0,0,6,0
1114,286.758,-1.4058,40,0,0,7,0
1115,286.808,-2.4191,43,0,0,7,0
1116,286.84,-2.9455,45,0,0,7,0
1117,286.928,-3.8644,49,0,0,8,0
1118,286.972,-4.1535,51,0,0,8,0
1119,287.08,-4.0288,55,0,0,9,0
1120,287.129,-3.9588,57,0,0,10,0
1121,287.247,-3.405,60,0,0,10,0
1122,287.337,-3.2772,64,0,0,11,0
1123,287.432,-2.5195,67,0,0,11,0
1124,287.49,-1.1532,68,0,0,11,0
1125,287.502,-0.5477,67,0,0,11,0
1126,287.508,-0.003,68,0,0,11,0
1127,287.508,-0.003,70,0,0,12,0
1128,287.507,0.0122,72,0,0,12,0
1129,287.507,0.0061,72,0,0,12,0
1130,287.507,0.0213,74,0,0,13,0
1131,287.507,0.0122,75,0,0,13,0
1132,287.506,0.0456,77,0,0,13,0
1133,287.505,0.0609,78,0,0,13,0
1134,287.504,0.1004,80,0,0,14,0
1135,287.5,0.1734,82,0,0,14,0
1136,287.497,0.2221,82,0,0,14,0
1137,287.488,0.6147,83,0,0,14,0
1138,287.48,0.8155,83,0,0,14,0
1139,287.455,1.0985,83,0,0,14,0
1140,287.432,1.3662,83,0,0,14,0
1141,287.407,1.5853,83,0,0,14,0
1142,287.391,1.6797,83,0,0,14,0
1143,287.367,1.9657,82,0,0,14,0
1144,287.33,2.5134,81,0,0,14,0
1145,287.286,3.2407,79,0,0,13,0
1146,287.256,3.4506,79,0,0,13,0
1147,287.201,4.0501,77,0,0,13,0
1148,287.138,4.4761,74,0,0,13,0
1149,287.099,4.3361,73,0,0,12,0
1150,287.032,4.1992,72,0,0,12,0
1151,286.896,3.9436,69,0,0,12,0
1152,286.841,4.3969,67,0,0,11,0
1153,286.715,4.6525,63,0,0,11,0
1154,286.601,3.5115,61,0,0,10,0
1155,286.561,3.0581,60,0,0,10,0
1156,286.496,1.8196,60,0,0,10,0
1157,286.474,1.704,60,0,0,10,0
1158,286.427,1.7497,57,0,0,10,0
1159,286.409,1.5184,57,0,0,10,0
1160,286.375,0.925,56,0,0,9,0
1161,286.352,0.4625,55,0,0,9,0
1162,286.347,0.3256,54,0,0,9,0
1163,286.342,0.0609,54,0,0,9,0
1164,286.341,0,52,0,0,9,0
1165,286.341,-0.0122,51,0,0,8,0
1166,286.341,0,51,0,0,8,0
1167,286.342,-0.0183,49,0,0,8,0
1168,286.342,-0.003,49,0,0,8,0
1169,286.342,-0.0243,48,0,0,8,0
1170,286.342,0.0061,47,0,0,8,0
1171,286.342,-0.003,46,0,0,8,0
1172,286.342,-0.0183,45,0,0,7,0
1173,286.343,-0.0183,44,0,0,7,0
1174,286.343,-0.0183,43,0,0,7,0
1175,286.344,-0.0122,41,0,0,7,0
1176,286.344,-0.0152,41,0,0,7,0
1177,286.344,-0.0061,40,0,0,7,0
1178,286.345,-0.0122,39,0,0,6,0
1179,286.345,0.003,38,0,0,6,0
1180,286.345,-0.003,37,0,0,6,0
1181,286.345,-0.0061,36,0,0,6,0
1182,286.345,-0.003,35,0,0,6,0
1183,286.345,0.003,34,0,0,5,0
1184,286.345,-0.0091,34,0,0,5,0
1185,286.345,-0.0061,32,0,0,5,0
1186,286.345,-0.0061,32,0,0,5,0
1187,286.345,-0.0122,31,0,0,5,0
1188,286.346,0.0061,29,0,0,5,0
1189,286.346,-0.0122,28,0,0,4,0
1190,286.346,-0.003,28,0,0,4,0
1191,286.346,-0.0061,26,0,0,4,0
1192,286.346,-0.0183,25,0,0,4,0
1193,286.347,-0.0183,24,0,0,4,0
1194,286.347,-0.0091,24,0,0,4,0
1195,286.347,-0.0122,23,0,0,4,0
1196,286.347,-0.0122,22,0,0,3,0
1197,286.348,-0.0213,21,0,0,3,0
1198,286.348,-0.0091,20,0,0,3,0
1199,286.348,-0.0213,19,0,0,3,0
1200,286.349,-0.0335,18,0,0,3,0
1201,286.349,-0.0335,18,0,0,3,0
1202,286.351,-0.0456,16,0,0,2,0
1203,286.351,-0.0426,16,0,0,2,0
1204,286.352,-0.0396,15,0,0,2,0
1205,286.353,-0.0365,14,0,0,2,0
1206,286.353,-0.0335,13,0,0,2,0
1207,286.354,-0.0183,13,0,0,2,0
1208,286.354,-0.0183,13,0,0,2,0
1209,286.354,-0.0152,12,0,0,2,0
1210,286.354,-0.0122,11,0,0,1,0
1211,286.355,-0.0213,10,0,0,1,0
1212,286.355,-0.0152,9,0,0,1,0
1213,286.356,-0.0183,8,0,0,1,0
1214,286.356,-0.0335,7,0,0,1,0
1215,286.356,-0.0213,7,0,0,1,0
1216,286.357,-0.0243,5,0,0,0,0
1217,286.357,-0.0091,5,0,0,0,0
1218,286.358,-0.0122,4,0,0,0,0
1219,286.358,-0.0152,3,0,0,0,0
1220,286.358,-0.0213,2,0,0,0,0
1221,286.359,-0.0274,1,0,0,0,0
1222,286.359,-0.0243,0,0,0,0,0
1223,286.36,-0.0335,-1,0,0,0,0
1224,286.361,-0.0822,-2,0,0,0,0
1225,286.365,-0.1765,-3,0,0,0,0
1226,286.371,-0.286,-4,0,0,0,0
1227,286.374,-0.3012,-4,0,0,0,0
1228,286.384,-0.4138,-5,0,0,0,0
1229,286.389,-0.4869,-5,0,0,0,0
1230,286.405,-0.6999,-6,0,0,-1,0
1231,286.414,-0.7029,-6,0,0,-1,0
1232,286.434,-0.5112,-6,0,0,-1,0
1233,286.44,-0.4169,-7,0,0,-1,0
1234,286.448,-0.2343,-8,0,0,-1,0
1235,286.45,-0.1582,-8,0,0,-1,0
1236,286.454,-0.1035,-9,0,0,-1,0
1237,286.455,-0.1248,-10,0,0,-1,0
1238,286.459,-0.1613,-10,0,0,-1,0
1239,286.46,-0.1704,-11,0,0,-1,0
1240,286.466,-0.2495,-12,0,0,-2,0
1241,286.476,-0.3864,-12,0,0,-2,0
1242,286.481,-0.4382,-12,0,0,-2,0
1243,286.493,-0.4351,-13,0,0,-2,0
1244,286.505,-0.3378,-13,0,0,-2,0
1245,286.513,-0.2434,-14,0,0,-2,0
1246,286.516,-0.2069,-15,0,0,-2,0
1247,286.521,-0.1521,-15,0,0,-2,0
1248,286.523,-0.1278,-16,0,0,-2,0
1249,286.525,-0.0609,-16,0,0,-2,0
1250,286.526,-0.0517,-17,0,0,-2,0
1251,286.527,-0.0243,-17,0,0,-2,0
1252,286.527,-0.0274,-18,0,0,-3,0
1253,286.528,-0.0183,-18,0,0,-3,0
1254,286.528,-0.0122,-19,0,0,-3,0
1255,286.529,-0.0061,-19,0,0,-3,0
1256,286.529,-0.0122,-20,0,0,-3,0
1257,286.529,0.003,-21,0,0,-3,0
1258,286.529,-0.003,-21,0,0,-3,0
1259,286.529,-0.003,-22,0,0,-3,0
1260,286.529,-0.0091,-22,0,0,-3,0
1261,286.529,-0.003,-23,0,0,-4,0
1262,286.529,-0.0061,-23,0,0,-4,0
1263,286.53,-0.0061,-24,0,0,-4,0
1264,286.53,0,-24,0,0,-4,0
1265,286.53,-0.003,-25,0,0,-4,0
1266,286.53,-0.0061,-25,0,0,-4,0
1267,286.53,-0.0091,-26,0,0,-4,0
1268,286.53,-0.0122,-27,0,0,-4,0
1269,286.53,-0.0061,-27,0,0,-4,0
1270,286.53,-0.0183,-28,0,0,-4,0
1271,286.531,-0.0152,-28,0,0,-4,0
1272,286.531,0,-29,0,0,-5,0
1273,286.531,-0.0061,-29,0,0,-5,0
1274,286.532,-0.0152,-30,0,0,-5,0
1275,286.532,-0.0183,-31,0,0,-5,0
1276,286.533,-0.0274,-31,0,0,-5,0
1277,286.533,-0.0396,-32,0,0,-5,0
1278,286.534,-0.0487,-32,0,0,-5,0
1279,286.535,-0.073,-33,0,0,-5,0
1280,286.536,-0.0913,-33,0,0,-5,0
1281,286.54,-0.1704,-34,0,0,-5,0
1282,286.542,-0.2069,-34,0,0,-5,0
1283,286.55,-0.3012,-34,0,0,-5,0
1284,286.553,-0.3286,-34,0,0,-5,0
1285,286.564,-0.3895,-35,0,0,-6,0
1286,286.576,-0.4929,-35,0,0,-6,0
1287,286.582,-0.5203,-35,0,0,-6,0
1288,286.597,-0.5599,-35,0,0,-6,0
1289,286.613,-0.5629,-35,0,0,-6,0
1290,286.621,-0.6055,-35,0,0,-6,0
1291,286.641,-0.6938,-35,0,0,-6,0
1292,286.664,-0.8916,-34,0,0,-5,0
1293,286.674,-0.9463,-34,0,0,-5,0
1294,286.703,-0.9555,-33,0,0,-5,0
1295,286.716,-0.8703,-33,0,0,-5,0
1296,286.741,-0.8216,-33,0,0,-5,0
1297,286.75,-0.8337,-33,0,0,-5,0
1298,286.773,-0.8946,-32,0,0,-5,0
1299,286.784,-0.9676,-32,0,0,-5,0
1300,286.812,-0.9159,-31,0,0,-5,0
1301,286.822,-0.9311,-31,0,0,-5,0
1302,286.848,-0.5873,-31,0,0,-5,0
1303,286.853,-0.4747,-31,0,0,-5,0
1304,286.862,-0.2921,-31,0,0,-5,0
1305,286.866,-0.2647,-31,0,0,-5,0
1306,286.872,-0.1765,-30,0,0,-5,0
1307,286.874,-0.14,-31,0,0,-5,0
1308,286.877,-0.0882,-30,0,0,-5,0
1309,286.878,-0.0639,-30,0,0,-5,0
1310,286.88,-0.0548,-30,0,0,-5,0
1311,286.88,-0.0456,-30,0,0,-5,0
1312,286.881,-0.0335,-30,0,0,-5,0
1313,286.882,-0.0274,-30,0,0,-5,0
1314,286.882,-0.0122,-30,0,0,-5,0
1315,286.883,-0.0183,-30,0,0,-5,0
1316,286.883,-0.0152,-29,0,0,-5,0
1317,286.883,-0.0091,-29,0,0,-5,0
1318,286.884,-0.0091,-29,0,0,-5,0
1319,286.884,-0.0061,-29,0,0,-5,0
1320,286.884,-0.0152,-29,0,0,-5,0
1321,286.884,-0.003,-29,0,0,-5,0
1322,286.884,-0.0061,-29,0,0,-5,0
1323,286.884,-0.0061,-28,0,0,-4,0
1324,286.884,0.003,-28,0,0,-4,0
1325,286.884,0.003,-28,0,0,-4,0
1326,286.884,-0.0061,-28,0,0,-4,0
1327,286.884,-0.003,-28,0,0,-4,0
1328,286.884,0,-28,0,0,-4,0
1329,286.884,-0.0061,-28,0,0,-4,0
1330,286.884,-0.0061,-28,0,0,-4,0
1331,286.885,0.003,-27,0,0,-4,0
1332,286.885,0,-27,0,0,-4,0
1333,286.885,-0.003,-27,0,0,-4,0
1334,286.885,0.003,-27,0,0,-4,0
1335,286.885,0.003,-27,0,0,-4,0
1336,286.885,-0.003,-27,0,0,-4,0
1337,286.885,0.0061,-27,0,0,-4,0
1338,286.885,-0.0061,-27,0,0,-4,0
1339,286.885,0.0183,-26,0,0,-4,0
1340,286.885,-0.003,-26,0,0,-4,0
1341,286.885,-0.0213,-26,0,0,-4,0
1342,286.885,0.0091,-26,0,0,-4,0
1343,286.885,0.0061,-26,0,0,-4,0
1344,286.885,0.003,-26,0,0,-4,0
1345,286.885,0.0122,-26,0,0,-4,0
1346,286.885,-0.003,-26,0,0,-4,0
1347,286.885,-0.003,-25,0,0,-4,0
1348,286.885,0.003,-26,0,0,-4,0
1349,286.885,0,-25,0,0,-4,0
1350,286.885,0,-25,0,0,-4,0
1351,286.885,0,-25,0,0,-4,0
1352,286.885,-0.003,-25,0,0,-4,0
1353,286.885,0,-25,0,0,-4,0
1354,286.885,0,-25,0,0,-4,0
1355,286.885,-0.003,-24,0,0,-4,0
1356,286.885,0,-24,0,0,-4,0
1357,286.885,0.0061,-24,0,0,-4,0
1358,286.885,0.003,-24,0,0,-4,0
1359,286.885,0.003,-24,0,0,-4,0
1360,286.885,0,-24,0,0,-4,0
1361,286.885,-0.003,-24,0,0,-4,0
1362,286.885,-0.003,-24,0,0,-4,0
1363,286.885,0.003,-23,0,0,-4,0
1364,286.885,-0.003,-23,0,0,-4,0
1365,286.885,0,-23,0,0,-4,0
1366,286.885,-0.0122,-23,0,0,-4,0
1367,286.885,-0.0122,-23,0,0,-4,0
1368,286.885,0,-23,0,0,-4,0
1369,286.885,0.003,-23,0,0,-4,0
1370,286.885,0,-23,0,0,-4,0
1371,286.885,-0.0061,-23,0,0,-4,0
1372,286.885,0.0091,-22,0,0,-3,0
1373,286.885,0.0061,-22,0,0,-3,0
1374,286.885,0,-22,0,0,-3,0
1375,286.885,-0.0122,-22,0,0,-3,0
1376,286.885,-0.0061,-22,0,0,-3,0
1377,286.885,0.0061,-22,0,0,-3,0
1378,286.885,-0.0061,-22,0,0,-3,0
1379,286.885,-0.003,-21,0,0,-3,0
1380,286.885,0.0061,-21,0,0,-3,0
1381,286.885,-0.0061,-21,0,0,-3,0
1382,286.885,0,-21,0,0,-3,0
1383,286.885,-0.0061,-21,0,0,-3,0
1384,286.885,0.0091,-21,0,0,-3,0
1385,286.885,0,-21,0,0,-3,0
1386,286.885,0.0091,-20,0,0,-3,0
1387,286.885,-0.003,-20,0,0,-3,0
1388,286.885,0,-20,0,0,-3,0
1389,286.885,0.003,-20,0,0,-3,0
1390,286.884,0,-20,0,0,-3,0
1391,286.884,0.003,-20,0,0,-3,0
1392,286.884,-0.0091,-20,0,0,-3,0
1393,286.884,-0.0091,-20,0,0,-3,0
1394,286.884,-0.003,-20,0,0,-3,0
1395,286.884,0.0091,-20,0,0,-3,0
1396,286.884,-0.003,-19,0,0,-3,0
1397,286.884,0.003,-19,0,0,-3,0
1398,286.884,0,-19,0,0,-3,0
1399,286.884,0,-19,0,0,-3,0
1400,286.884,-0.003,-19,0,0,-3,0
1401,286.884,0.0061,-19,0,0,-3,0
1402,286.884,0,-19,0,0,-3,0
1403,286.884,0.003,-19,0,0,-3,0
1404,286.884,0.0091,-18,0,0,-3,0
1405,286.884,0,-18,0,0,-3,0
1406,286.884,0.0061,-18,0,0,-3,0
1407,286.884,0,-18,0,0,-3,0
1408,286.884,-0.003,-18,0,0,-3,0
1409,286.884,0.003,-18,0,0,-3,0
1410,286.884,-0.0487,-18,0,0,-3,0
1411,286.884,0.0183,-18,0,0,-3,0
1412,286.884,0.0122,-17,0,0,-2,0
1413,286.884,-0.003,-17,0,0,-2,0
1414,286.884,-0.0122,-17,0,0,-2,0
1415,286.884,-0.003,-17,0,0,-2,0
1416,286.884,0.003,-17,0,0,-2,0
1417,286.884,0.0091,-17,0,0,-2,0
1418,286.884,-0.0091,-17,0,0,-2,0
1419,286.884,-0.0152,-17,0,0,-2,0
1420,286.884,0.0183,-16,0,0,-2,0
1421,286.884,-0.0061,-16,0,0,-2,0
1422,286.884,-0.0061,-16,0,0,-2,0
1423,286.884,0.0122,-16,0,0,-2,0
1424,286.884,0.003,-16,0,0,-2,0
1425,286.884,-0.0091,-16,0,0,-2,0
1426,286.884,-0.003,-16,0,0,-2,0
1427,286.884,-0.0152,-15,0,0,-2,0
1428,286.884,-0.0061,-15,0,0,-2,0
1429,286.884,-0.0091,-15,0,0,-2,0
1430,286.884,0.003,-15,0,0,-2,0
1431,286.884,-0.0122,-15,0,0,-2,0
1432,286.884,-0.003,-15,0,0,-2,0
1433,286.884,0.0061,-15,0,0,-2,0
1434,286.884,0.0061,-14,0,0,-2,0
1435,286.884,0.003,-14,0,0,-2,0
1436,286.884,-0.0061,-14,0,0,-2,0
1437,286.884,0.0122,-14,0,0,-2,0
1438,286.884,0.0061,-14,0,0,-2,0
1439,286.884,-0.0122,-14,0,0,-2,0
1440,286.884,0.0091,-14,0,0,-2,0
1441,286.884,0,-14,0,0,-2,0
1442,286.884,0.0061,-14,0,0,-2,0
1443,286.884,0.003,-13,0,0,-2,0
1444,286.884,0,-13,0,0,-2,0
1445,286.884,-0.003,-13,0,0,-2,0
1446,286.884,0.0061,-13,0,0,-2,0
1447,286.884,0.003,-13,0,0,-2,0
1448,286.884,0.0183,-13,0,0,-2,0
1449,286.884,0,-13,0,0,-2,0
1450,286.884,0,-13,0,0,-2,0
1451,286.884,0.003,-13,0,0,-2,0
1452,286.884,0.003,-12,0,0,-2,0
1453,286.884,-0.003,-12,0,0,-2,0
1454,286.884,0.003,-12,0,0,-2,0
1455,286.884,0.003,-12,0,0,-2,0
1456,286.884,-0.003,-12,0,0,-2,0
1457,286.884,0,-12,0,0,-2,0
1458,286.884,0,-11,0,0,-1,0
1459,286.884,0,-11,0,0,-1,0
1460,286.884,0.003,-12,0,0,-2,0
1461,286.884,0,-11,0,0,-1,0
1462,286.884,-0.0061,-11,0,0,-1,0
1463,286.884,-0.0061,-11,0,0,-1,0
1464,286.884,0.0061,-11,0,0,-1,0
1465,286.884,-0.0061,-11,0,0,-1,0
1466,286.884,0.003,-11,0,0,-1,0
1467,286.883,-0.003,-10,0,0,-1,0
1468,286.883,0,-10,0,0,-1,0
1469,286.883,-0.0061,-10,0,0,-1,0
1470,286.883,0.0061,-10,0,0,-1,0
1471,286.883,0.003,-10,0,0,-1,0
1472,286.883,0,-10,0,0,-1,0
1473,286.883,0.0122,-10,0,0,-1,0
1474,286.883,-0.003,-9,0,0,-1,0
1475,286.883,0.0061,-9,0,0,-1,0
1476,286.883,-0.0061,-9,0,0,-1,0
1477,286.883,0.003,-9,0,0,-1,0
1478,286.883,0.0091,-9,0,0,-1,0
1479,286.883,0.003,-9,0,0,-1,0
1480,286.883,0.0061,-9,0,0,-1,0
1481,286.883,-0.0061,-9,0,0,-1,0
1482,286.883,0.0061,-9,0,0,-1,0
1483,286.883,-0.003,-8,0,0,-1,0
1484,286.883,0,-8,0,0,-1,0
1485,286.883,0,-8,0,0,-1,0
1486,286.883,0,-8,0,0,-1,0
1487,286.883,0,-8,0,0,-1,0
1488,286.883,-0.0061,-8,0,0,-1,0
1489,286.883,-0.003,-8,0,0,-1,0
1490,286.883,-0.0061,-7,0,0,-1,0
1491,286.883,-0.0091,-7,0,0,-1,0
1492,286.883,0.0122,-7,0,0,-1,0
1493,286.883,-0.0091,-7,0,0,-1,0
1494,286.883,0.003,-7,0,0,-1,0
1495,286.883,-0.0122,-7,0,0,-1,0
1496,286.883,0,-7,0,0,-1,0
1497,286.883,-0.0091,-7,0,0,-1,0
1498,286.883,0.0122,-6,0,0,-1,0
1499,286.883,0.003,-6,0,0,-1,0
1500,286.883,0.0061,-6,0,0,-1,0
1501,286.883,0,-6,0,0,-1,0
1502,286.883,-0.0061,-6,0,0,-1,0
1503,286.882,0.0091,-6,0,0,-1,0
1504,286.882,0,-6,0,0,-1,0
1505,286.882,0.0061,-6,0,0,-1,0
1506,286.882,0.0061,-5,0,0,0,0
1507,286.882,0.0061,-5,0,0,0,0
1508,286.882,0,-5,0,0,0,0
1509,286.882,0.003,-5,0,0,0,0
1510,286.882,0.0122,-5,0,0,0,0
1511,286.882,0,-5,0,0,0,0
1512,286.882,-0.0061,-5,0,0,0,0
1513,286.882,0.0061,-5,0,0,0,0
1514,286.882,0.0152,-4,0,0,0,0
1515,286.882,0.0122,-4,0,0,0,0
1516,286.882,-0.003,-4,0,0,0,0
1517,286.881,0.003,-4,0,0,0,0
1518,286.881,0.003,-4,0,0,0,0
1519,286.881,0.0091,-4,0,0,0,0
1520,286.881,0.0122,-3,0,0,0,0
1521,286.881,-0.0061,-3,0,0,0,0
1522,286.881,0.0091,-3,0,0,0,0
1523,286.881,0.0152,-3,0,0,0,0
1524,286.88,-0.003,-3,0,0,0,0
1525,286.88,0.0091,-3,0,0,0,0
1526,286.88,0.0061,-3,0,0,0,0
1527,286.88,0.0061,-2,0,0,0,0
1528,286.88,0.003,-2,0,0,0,0
1529,286.88,0.0091,-2,0,0,0,0
1530,286.88,0.003,-2,0,0,0,0
1531,286.88,-0.003,-2,0,0,0,0
1532,286.879,0,-2,0,0,0,0
1533,286.879,0.0091,-1,0,0,0,0
1534,286.879,0,-2,0,0,0,0
1535,286.879,0.003,-1,0,0,0,0
1536,286.879,-0.0061,-1,0,0,0,0
1537,286.879,0.0061,-1,0,0,0,0
1538,286.879,0.0091,-1,0,0,0,0
1539,286.879,0.0061,-1,0,0,0,0
1540,286.878,0.0122,-1,0,0,0,0
1541,286.878,0.003,0,0,0,0,0
1542,286.878,0.0061,0,0,0,0,0
1543,286.878,0.0061,0,0,0,0,0
1544,286.878,0.0091,1,0,0,0,0
1545,286.878,-0.003,0,0,0,0,0
1546,286.877,0.0152,1,0,0,0,0
1547,286.877,0.0091,1,0,0,0,0
1548,286.877,-0.003,1,0,0,0,0
1549,286.877,0.0061,1,0,0,0,0
1550,286.877,0.0061,1,0,0,0,0
1551,286.877,0.0091,1,0,0,0,0
1552,286.876,0.0274,1,0,0,0,0
1553,286.876,-0.0061,2,0,0,0,0
1554,286.876,0.0091,2,0,0,0,0
1555,286.876,0.0213,2,0,0,0,0
1556,286.876,0.003,2,0,0,0,0
1557,286.876,0.003,2,0,0,0,0
1558,286.876,0.0122,2,0,0,0,0
1559,286.876,0.0061,2,0,0,0,0
1560,286.876,0.0152,2,0,0,0,0
1561,286.875,0.0091,2,0,0,0,0
1562,286.875,0,2,0,0,0,0
1563,286.875,-0.003,2,0,0,0,0
1564,286.875,0.0183,3,0,0,0,0
1565,286.875,0.0061,2,0,0,0,0
1566,286.875,0,2,0,0,0,0
1567,286.875,0.0091,2,0,0,0,0
1568,286.875,0.0061,2,0,0,0,0
1569,286.875,0.0122,3,0,0,0,0
1570,286.875,0.0061,3,0,0,0,0
1571,286.874,0.0213,3,0,0,0,0
1572,286.874,0,3,0,0,0,0
1573,286.874,0,3,0,0,0,0
1574,286.874,0.003,3,0,0,0,0
1575,286.874,0,3,0,0,0,0
1576,286.874,0.0061,4,0,0,0,0
1577,286.874,0.003,3,0,0,0,0
1578,286.874,0,4,0,0,0,0
1579,286.874,0.0122,4,0,0,0,0
1580,286.874,0.003,4,0,0,0,0
1581,286.873,-0.0061,4,0,0,0,0
1582,286.873,0.0061,4,0,0,0,0
1583,286.873,0,4,0,0,0,0
1584,286.873,0.003,4,0,0,0,0
1585,286.873,-0.0061,5,0,0,0,0
1586,286.873,-0.003,5,0,0,0,0
1587,286.873,0.0061,5,0,0,0,0
1588,286.873,-0.003,5,0,0,0,0
1589,286.873,0.0091,5,0,0,0,0
1590,286.873,0.003,5,0,0,0,0
1591,286.873,0.003,5,0,0,0,0
1592,286.873,0.003,5,0,0,0,0
1593,286.873,0.0091,5,0,0,0,0
1594,286.873,0.003,5,0,0,0,0
1595,286.873,0.003,5,0,0,0,0
1596,286.873,0.0061,6,0,0,1,0
1597,286.873,0.003,6,0,0,1,0
1598,286.873,0.003,6,0,0,1,0
1599,286.873,0.0122,6,0,0,1,0
1600,286.873,-0.0091,6,0,0,1,0
1601,286.873,0.003,6,0,0,1,0
1602,286.872,0.0061,7,0,0,1,0
1603,286.872,0.003,6,0,0,1,0
1604,286.872,0.003,7,0,0,1,0
1605,286.872,-0.0061,7,0,0,1,0
1606,286.872,-0.0061,7,0,0,1,0
1607,286.872,-0.003,7,0,0,1,0
1608,286.872,0.0152,7,0,0,1,0
1609,286.872,-0.003,7,0,0,1,0
1610,286.872,-0.003,7,0,0,1,0
1611,286.872,-0.0061,7,0,0,1,0
1612,286.872,0.003,8,0,0,1,0
1613,286.872,0.003,8,0,0,1,0
1614,286.872,0.0122,8,0,0,1,0
1615,286.872,0,8,0,0,1,0
1616,286.872,0,8,0,0,1,0
1617,286.872,0.0091,8,0,0,1,0
1618,286.872,-0.0061,8,0,0,1,0
1619,286.872,0.0061,8,0,0,1,0
1620,286.872,-0.003,8,0,0,1,0
1621,286.872,-0.0061,8,0,0,1,0
1622,286.872,0.0091,8,0,0,1,0
1623,286.872,0.003,9,0,0,1,0
1624,286.872,0.0091,9,0,0,1,0
1625,286.872,0,9,0,0,1,0
1626,286.872,0,9,0,0,1,0
1627,286.872,0,9,0,0,1,0
1628,286.872,-0.003,9,0,0,1,0
1629,286.872,-0.0091,9,0,0,1,0
1630,286.872,0.0183,10,0,0,1,0
1631,286.871,0,10,0,0,1,0
1632,286.871,0.0091,10,0,0,1,0
1633,286.871,0,10,0,0,1,0
1634,286.871,-0.0091,10,0,0,1,0
1635,286.871,0.0091,10,0,0,1,0
1636,286.871,-0.0061,10,0,0,1,0
1637,286.871,0.003,10,0,0,1,0
1638,286.871,0.0061,10,0,0,1,0
1639,286.871,0.003,11,0,0,1,0
1640,286.871,0,11,0,0,1,0
1641,286.871,0.0061,11,0,0,1,0
1642,286.871,0.0091,11,0,0,1,0
1643,286.871,0.003,11,0,0,1,0
1644,286.871,0.003,11,0,0,1,0
1645,286.871,0.003,11,0,0,1,0
1646,286.871,-0.003,11,0,0,1,0
1647,286.871,-0.003,11,0,0,1,0
1648,286.871,0.0122,12,0,0,2,0
1649,286.871,-0.003,11,0,0,1,0
1650,286.871,0.003,12,0,0,2,0
1651,286.871,0.0091,12,0,0,2,0
1652,286.871,-0.003,12,0,0,2,0
1653,286.871,0.003,12,0,0,2,0
1654,286.871,0,12,0,0,2,0
1655,286.871,0,12,0,0,2,0
1656,286.87,0,12,0,0,2,0
1657,286.87,0.003,13,0,0,2,0
1658,286.87,0,13,0,0,2,0
1659,286.87,0.0091,13,0,0,2,0
1660,286.87,0,13,0,0,2,0
1661,286.87,-0.003,13,0,0,2,0
1662,286.87,0.003,13,0,0,2,0
1663,286.87,0.0091,13,0,0,2,0
1664,286.87,0.0061,13,0,0,2,0
1665,286.87,0.0122,13,0,0,2,0
1666,286.87,0,14,0,0,2,0
1667,286.87,0.003,14,0,0,2,0
1668,286.87,0.0091,14,0,0,2,0
1669,286.87,0.0091,14,0,0,2,0
1670,286.87,0.003,14,0,0,2,0
1671,286.87,0,14,0,0,2,0
1672,286.87,0.0061,14,0,0,2,0
1673,286.87,0.003,14,0,0,2,0
1674,286.87,0.003,14,0,0,2,0
1675,286.87,0.0061,14,0,0,2,0
1676,286.87,0.0061,14,0,0,2,0
1677,286.87,0,14,0,0,2,0
1678,286.869,0.003,15,0,0,2,0
1679,286.869,0.003,15,0,0,2,0
1680,286.869,-0.003,14,0,0,2,0
1681,286.869,0.0061,15,0,0,2,0
1682,286.869,-0.0061,15,0,0,2,0
1683,286.869,0,15,0,0,2,0
1684,286.869,0.0061,15,0,0,2,0
1685,286.869,0.003,15,0,0,2,0
1686,286.869,-0.003,15,0,0,2,0
1687,286.869,0,15,0,0,2,0
1688,286.869,-0.003,15,0,0,2,0
1689,286.869,0.003,16,0,0,2,0
1690,286.869,0.003,15,0,0,2,0
1691,286.869,0.0152,16,0,0,2,0
1692,286.868,0.003,16,0,0,2,0
1693,286.868,0.0122,16,0,0,2,0
1694,286.868,0.003,16,0,0,2,0
1695,286.868,-0.0061,16,0,0,2,0
1696,286.868,-0.003,16,0,0,2,0
1697,286.868,0.003,16,0,0,2,0
1698,286.868,-0.003,17,0,0,2,0
1699,286.868,0,17,0,0,2,0
1700,286.868,0,17,0,0,2,0
1701,286.868,0.0213,17,0,0,2,0
1702,286.867,0.003,17,0,0,2,0
1703,286.867,0.003,17,0,0,2,0
1704,286.867,0.0122,17,0,0,2,0
